#random sampling: 1000																															
Gene	JS_YC_bin_221	SD_DY_bin_343	SD_DY_bin_156	JS_YC_bin_164	JS_LYG_bin_42	SD_QD_bin_87	HN_SY_bin_61	ZJ_NB_bin_117	GD_ZH_bin_112	JS_LYG_bin_20	SD_DY_bin_7	JS_LYG_bin_19	ZJ_WZ_bin_184	GD_ZH_bin_260	SD_DY_bin_417	GX_BH_bin_82	SD_DY_bin_227	GD_ZH_bin_224	JS_LYG_bin_103	GD_ST_bin_83	ZJ_NB_bin_158	GX_BH_bin_20	ZJ_NB_bin_115	SD_DY_bin_76	ZJ_WZ_bin_243	SD_DY_bin_75	ZJ_NB_bin_129	JS_LYG_bin_132	LN_DD_bin_95	SD_DY_bin_480	SD_QD_bin_67
acdA	0	0	0	0	0	7	2	2	0	0	0	0	0	0	0	6	0	0	0	0	0	0	7	1	0	0	13	4	3	0	0
acdB	0	0	0	0	0	0	0	0	0	0	0	0	0	0	0	0	0	0	0	0	0	0	0	0	0	0	1	0	0	0	0
ackA	1	0	1	1	0	0	1	0	1	1	1	0	1	1	1	0	0	0	0	1	0	1	0	0	0	1	0	0	0	1	1
acs	2	1	4	2	1	5	0	2	0	8	2	4	2	3	2	5	1	3	2	1	0	2	4	0	2	3	3	3	4	2	2
acsC	0	0	0	0	0	0	0	0	0	0	0	0	0	0	0	1	0	0	0	0	0	0	0	0	0	0	0	0	0	0	0
acsD	0	0	0	0	0	0	0	0	0	0	0	0	0	0	0	2	0	0	0	0	0	0	0	0	1	0	0	1	0	0	1
apgM	1	1	1	1	2	0	0	2	0	1	1	3	1	1	1	0	0	0	0	1	3	1	0	0	3	1	0	1	0	1	0
cdhA	0	0	0	0	2	0	0	0	1	2	0	0	0	0	0	0	0	0	1	0	1	0	0	0	2	0	0	0	1	0	2
cdhB	0	0	0	0	1	0	0	0	1	1	0	0	0	0	0	0	0	1	1	0	1	0	0	0	0	0	0	0	1	0	0
cdhC	0	0	0	0	1	0	0	1	1	1	0	0	0	0	0	0	0	1	1	0	1	0	0	0	1	0	0	0	1	0	0
cdhD	0	0	0	0	1	0	1	1	1	1	0	0	0	0	0	0	0	2	1	0	1	0	0	0	1	0	0	0	1	0	0
cdhE	0	0	0	0	1	0	2	1	0	2	0	0	0	0	0	0	0	1	1	0	1	0	0	0	1	0	0	0	1	0	3
cooF	0	0	0	0	1	1	1	2	1	0	0	2	0	0	0	1	0	0	1	0	0	0	0	0	0	0	1	1	1	0	1
cooS	0	0	0	0	1	1	0	0	0	3	0	0	0	0	0	1	0	0	0	0	0	0	0	0	0	0	0	1	1	0	3
echA	0	0	0	0	0	0	1	0	0	0	0	0	0	0	0	0	0	0	0	0	0	0	0	0	0	0	0	0	0	0	0
echB	0	0	0	0	0	1	1	0	0	0	0	0	0	0	0	0	0	0	0	0	0	0	0	0	0	0	0	0	0	0	1
echE	0	0	0	0	0	0	2	0	1	0	0	0	0	0	0	0	0	1	0	0	0	0	0	0	0	0	0	0	1	0	0
ehaA	0	0	0	0	0	0	0	0	0	0	0	1	0	0	0	0	0	0	0	0	0	0	0	0	0	0	0	0	0	0	0
ehaC	0	0	0	0	0	0	0	0	0	0	0	1	0	0	0	0	0	0	0	0	0	0	0	0	0	0	0	0	0	0	0
ehaD	0	0	0	0	0	0	0	0	0	0	0	1	0	0	0	0	0	0	0	0	0	0	0	0	0	0	0	0	0	0	0
ehaE	0	0	0	0	0	0	0	0	0	0	0	1	0	0	0	0	0	0	0	0	0	0	0	0	0	0	0	0	0	0	0
ehaF	0	0	0	0	0	0	0	0	0	0	0	1	0	0	0	0	0	0	0	0	0	0	0	0	0	0	0	0	0	0	0
ehaG	0	0	0	0	0	0	0	0	0	0	0	1	0	0	0	0	0	0	0	0	0	0	0	0	0	0	0	0	0	0	0
ehaH	0	0	0	0	0	0	0	0	0	0	0	1	0	0	0	0	0	0	0	0	0	0	0	0	0	0	0	0	0	0	0
ehaJ	0	0	0	0	0	0	0	0	0	0	0	1	0	0	0	0	0	0	0	0	0	0	0	0	0	0	0	0	0	0	0
ehaL	0	0	0	0	0	0	0	0	0	0	0	1	0	0	0	0	0	0	0	0	0	0	0	0	0	0	0	0	0	0	0
ehaN	0	0	0	0	0	0	0	0	0	0	0	1	0	0	0	0	0	0	0	0	0	0	0	0	0	0	0	0	0	0	0
ehaO	0	0	0	0	0	0	0	0	0	0	0	1	0	0	0	0	0	0	0	0	0	0	0	0	0	0	0	0	0	0	0
ehaP	0	0	0	0	0	0	0	0	0	0	0	1	0	0	0	0	0	0	0	0	0	0	0	0	0	0	0	0	0	0	0
ehaQ	0	0	0	0	0	0	0	0	0	1	0	1	0	0	0	0	0	0	0	0	0	0	0	0	1	0	0	0	0	0	1
ehaR	0	0	0	0	0	0	0	0	0	0	0	1	0	0	0	1	0	0	0	0	0	0	0	0	0	0	0	0	0	0	0
ehbA	0	0	0	0	0	1	0	0	0	0	0	1	0	0	0	0	0	0	0	0	0	0	0	0	0	0	0	0	0	0	0
ehbB	0	0	0	0	0	1	0	0	0	0	0	1	0	0	0	0	0	0	0	0	0	0	0	0	0	0	0	0	0	0	0
ehbC	0	0	0	0	0	0	0	0	0	0	0	1	0	0	0	0	0	0	0	0	0	0	0	0	0	0	0	0	0	0	0
ehbD	0	0	0	0	0	1	0	0	0	0	0	1	0	0	0	0	0	0	0	0	0	0	0	0	0	0	0	0	0	0	0
ehbE	0	0	0	0	0	1	0	0	0	0	0	1	0	0	0	0	0	0	0	0	0	0	0	0	0	0	0	0	0	0	0
ehbF	0	0	0	0	0	0	0	0	0	0	0	1	0	0	0	0	0	1	0	0	0	0	0	0	0	0	0	0	0	0	0
ehbG	0	0	0	0	0	0	0	0	0	0	0	1	0	0	0	0	0	0	0	0	0	0	0	0	0	0	0	0	0	0	0
ehbH	0	0	0	0	0	0	0	0	0	0	0	1	0	0	0	0	0	0	0	0	0	0	0	0	0	0	0	0	0	0	0
ehbI	0	0	0	0	0	1	0	0	0	0	0	1	0	0	0	0	0	0	0	0	0	0	0	0	0	0	0	0	0	0	0
ehbJ	0	0	0	0	0	0	0	0	0	0	0	1	0	0	0	0	0	0	0	0	0	0	0	0	0	0	0	0	0	0	0
ehbK	0	0	0	0	0	0	0	0	0	0	0	1	0	0	0	0	0	0	0	0	0	0	0	0	0	0	0	0	0	0	0
ehbL	0	0	0	0	0	0	0	0	0	0	0	1	0	0	0	0	0	0	0	0	0	0	0	0	0	0	0	0	0	0	0
ehbM	0	0	0	0	0	0	0	0	0	0	0	1	0	0	0	0	0	0	0	0	0	0	0	0	0	0	0	0	0	0	0
ehbN	0	0	0	0	0	0	0	0	0	0	0	1	0	0	0	0	0	0	0	0	0	0	0	0	0	0	0	0	0	0	0
ehbO	0	0	0	0	0	0	0	0	0	0	0	1	0	0	0	0	0	0	0	0	0	0	0	0	0	0	0	0	0	0	0
ehbP	0	0	0	0	0	0	0	0	0	0	0	1	0	0	0	0	0	0	0	0	0	0	0	0	0	0	0	0	0	0	0
ehbQ	0	0	0	0	0	0	0	0	0	1	0	1	0	0	0	0	0	0	0	0	1	0	0	0	1	0	0	0	0	0	0
eno	1	1	1	1	1	2	2	2	3	1	1	1	1	1	0	1	1	1	2	1	2	1	2	2	2	1	1	2	3	2	0
fae	0	0	0	0	0	0	0	2	0	1	0	0	0	0	0	0	0	0	0	0	0	0	0	0	0	0	0	0	0	0	0
fae-hps	0	0	0	0	1	0	0	0	1	2	0	1	0	0	0	0	0	2	1	0	0	0	0	0	1	0	0	0	0	0	1
fbaA	0	0	0	1	2	0	1	1	0	0	0	0	0	0	0	1	0	1	1	0	0	0	1	1	1	0	1	1	3	0	0
fbaB	0	0	0	0	0	0	0	0	0	0	0	0	0	0	0	0	0	0	0	0	1	0	1	0	0	0	1	3	0	0	0
fbp	1	1	2	1	0	2	0	0	1	1	0	1	0	0	1	0	1	0	0	1	1	1	0	0	1	2	0	1	1	1	0
fchA	0	0	0	0	0	1	0	0	0	0	0	0	0	0	0	2	0	0	0	0	0	0	0	0	0	0	1	1	0	0	0
fdhA	0	0	0	0	0	2	2	0	0	2	0	1	0	0	0	3	0	0	0	0	0	0	1	0	3	0	1	0	2	0	1
fdhA-K00148	1	0	0	0	1	0	1	0	2	0	0	0	0	2	0	0	0	1	0	0	1	0	0	0	0	0	1	0	0	0	0
fdhB	0	0	0	0	0	1	0	0	0	0	0	0	0	0	0	4	0	0	0	0	0	0	1	0	2	0	1	0	1	0	0
fdhF	0	0	0	0	0	0	1	0	0	0	0	0	0	0	0	0	0	0	0	0	0	0	1	0	0	0	1	0	1	0	0
fdm	0	0	0	0	0	0	0	0	0	0	0	0	0	0	0	0	0	0	0	0	0	0	1	0	0	0	0	0	1	0	0
fdoG	0	0	0	0	0	0	0	0	0	0	0	0	0	0	0	1	0	0	0	0	1	0	1	0	0	0	1	0	1	0	0
fdoH	0	0	0	0	0	0	0	0	1	0	0	0	0	0	0	1	0	0	0	0	0	0	0	0	0	0	1	0	1	0	0
fdwE	0	0	0	0	0	1	0	0	0	0	0	0	0	0	0	0	0	0	0	0	0	0	0	0	0	0	0	0	0	0	0
fghA	0	0	0	0	0	0	0	0	0	0	0	0	0	0	0	0	0	0	0	0	0	0	0	0	0	0	1	0	0	0	0
fmdB	0	0	0	0	0	0	0	0	0	0	0	1	0	0	0	0	0	0	0	0	0	0	0	0	1	0	0	0	0	0	0
fmdC	0	0	0	0	0	0	0	0	0	0	0	1	0	0	0	0	0	1	0	0	0	0	0	0	1	0	0	0	1	0	0
folA	1	1	3	4	1	3	3	2	2	3	0	2	4	2	1	2	2	2	0	2	1	1	3	0	2	2	6	0	2	2	2
fpoA	0	0	0	0	0	0	0	0	0	1	1	0	0	0	0	0	0	0	0	1	1	0	1	0	1	1	0	0	0	1	0
fpoB	1	2	0	1	1	2	1	1	1	1	1	0	0	0	0	3	0	1	0	1	1	2	5	1	1	1	2	2	2	2	0
fpoC	3	0	2	3	3	2	2	2	3	3	2	4	2	2	2	2	2	2	4	1	2	5	3	2	1	2	3	1	2	3	5
fpoD	0	1	0	0	0	1	0	0	0	1	0	0	0	0	0	0	0	0	0	0	0	1	1	0	0	0	1	0	0	0	0
fpoF	0	0	0	0	0	0	0	0	0	0	0	0	0	0	0	0	0	0	0	0	0	0	0	0	0	0	0	0	0	0	1
fpoH	0	0	0	0	0	1	1	0	0	1	0	0	0	0	0	1	0	2	0	0	1	0	1	0	1	0	0	0	1	0	0
fpoI	1	0	0	1	0	0	0	0	0	1	0	0	0	0	0	0	0	0	0	1	0	2	0	0	1	1	0	0	0	1	0
fpoJ	1	0	0	1	0	0	0	0	0	2	0	0	0	0	0	0	0	0	0	1	0	2	0	0	0	2	1	0	0	1	0
fpoK	0	0	0	0	0	0	1	0	0	1	0	0	0	0	0	0	0	0	0	0	0	0	1	0	0	0	1	0	1	0	0
fpoL	1	0	0	1	0	0	1	0	0	1	0	0	0	0	0	0	0	0	0	1	0	1	1	0	0	1	0	0	0	1	0
fpoM	0	0	0	0	0	1	0	0	0	1	0	0	0	0	0	0	0	0	0	0	0	0	0	0	0	0	0	0	0	0	0
fpoN	1	0	0	1	0	1	1	0	0	1	1	0	0	0	0	0	1	0	0	1	1	1	1	0	0	1	1	0	1	1	0
fpoO	0	0	0	0	0	0	0	0	0	1	0	0	0	0	0	0	0	0	0	0	0	0	0	0	0	0	0	0	0	0	0
fqoF	0	0	0	0	1	0	0	0	0	0	0	0	0	0	0	0	0	0	0	0	0	0	0	0	0	0	0	0	0	0	0
frhA	0	0	0	0	0	0	0	0	0	0	0	1	0	0	0	0	0	0	0	0	0	0	0	0	1	0	0	0	0	0	1
frhB	0	0	0	0	0	1	1	2	1	1	0	2	0	0	0	0	0	2	0	0	3	0	0	0	0	0	0	0	1	0	0
frhD	0	0	0	0	0	1	0	0	1	0	0	2	0	0	0	0	0	0	0	0	0	0	0	0	0	0	0	1	0	0	1
frhG	0	0	0	0	0	0	0	0	0	0	0	1	0	0	0	0	0	0	0	0	0	0	0	0	0	0	0	0	0	0	0
frmA	3	0	4	4	1	3	3	0	0	1	3	2	3	3	4	2	3	3	2	3	2	2	1	1	2	3	2	1	3	3	2
ftr	0	0	0	0	0	0	1	2	1	1	0	2	0	0	0	0	0	0	2	0	2	0	0	0	1	0	0	0	1	0	0
fwdB	0	0	0	0	1	0	1	1	0	2	0	1	0	0	0	0	0	1	0	0	1	0	0	0	0	0	0	0	1	0	2
fwdC	0	0	0	0	1	0	1	1	0	1	0	1	0	0	0	0	0	0	0	0	1	0	0	0	1	0	0	0	0	0	0
fwdF	0	0	0	0	1	0	0	0	0	0	0	2	0	0	0	0	0	0	0	0	1	0	0	0	0	0	0	0	0	0	0
fwdG	0	0	0	0	0	0	0	0	0	2	0	1	0	0	0	0	0	0	0	0	2	0	0	0	1	0	0	0	0	0	2
fwdH	0	0	0	0	0	0	0	0	0	0	0	1	0	0	0	0	0	0	0	0	0	0	0	0	0	0	0	0	0	0	0
gck	1	1	0	1	0	0	0	1	2	0	0	0	1	1	1	1	1	1	0	2	1	1	1	0	0	0	1	1	1	1	0
gfa	0	0	0	0	0	0	0	0	0	0	0	0	0	0	0	0	0	0	0	0	0	0	0	0	0	0	0	0	0	0	1
glpX	1	0	0	0	1	0	1	0	0	0	0	0	0	0	0	0	0	0	0	0	0	0	0	0	0	0	0	1	0	0	1
glyA	1	1	1	2	2	3	4	1	3	2	1	2	1	2	2	5	2	4	1	2	3	3	4	0	2	1	4	2	1	2	1
gpmB	0	1	0	1	0	1	2	0	0	0	0	0	0	0	0	0	1	0	0	0	0	0	2	0	0	0	2	0	1	1	0
gpmI	0	1	0	1	0	1	1	0	0	2	0	0	1	1	1	2	0	0	0	0	0	1	1	0	0	1	2	0	3	0	2
hdrA1	0	0	0	0	2	1	1	3	0	2	0	0	0	0	0	5	0	0	1	0	2	0	0	0	0	0	1	5	1	0	2
hdrA2	0	0	0	0	0	3	3	9	0	0	0	0	0	0	0	18	0	0	2	0	3	0	1	0	1	0	0	5	3	0	0
hdrB1	0	0	0	0	2	0	1	2	0	0	0	0	0	0	0	3	0	0	0	0	2	0	0	0	3	0	1	3	2	0	1
hdrB2	0	0	0	0	0	1	0	1	1	0	0	0	0	0	0	6	0	1	0	0	0	0	0	0	1	0	0	2	0	0	1
hdrC1	0	0	0	0	0	0	0	0	0	0	0	0	0	0	0	2	0	0	0	0	0	0	0	0	2	0	1	0	0	0	2
hdrC2	0	0	0	0	1	2	1	1	0	1	0	0	0	0	0	6	0	0	0	0	1	0	0	0	2	0	0	3	1	0	1
hdrD	0	0	0	0	0	0	0	2	1	2	0	2	0	0	0	8	0	1	0	0	4	0	1	0	2	0	4	4	1	0	2
hdrE	0	0	0	0	0	0	0	0	0	1	0	0	0	0	0	0	0	0	0	0	1	0	0	0	0	0	0	0	0	0	1
hmd	0	0	0	0	1	0	0	0	0	0	0	2	0	0	0	0	0	0	0	0	0	0	0	0	0	0	0	0	0	0	0
hprA	1	0	0	0	0	1	1	0	2	0	0	0	0	0	0	0	0	0	0	0	0	0	1	0	0	0	0	1	2	1	0
hxlA	0	0	0	0	0	2	0	0	0	1	0	0	0	0	0	1	0	0	0	0	0	0	0	0	1	0	0	0	1	0	0
hxlB	0	0	0	0	0	0	0	0	0	1	0	2	0	0	0	2	0	1	0	0	1	0	0	0	2	0	0	1	0	0	1
mauC	6	9	7	10	0	0	0	0	0	0	9	0	10	3	6	0	7	0	0	4	0	7	2	1	0	7	4	1	0	6	0
mbhJ	0	0	0	0	0	1	1	0	0	0	0	0	0	0	0	0	0	1	0	0	0	0	0	0	0	0	0	1	1	0	0
mbhK	0	0	0	0	0	1	0	0	0	0	0	0	0	0	0	0	0	0	0	0	0	0	0	0	0	0	0	1	1	0	0
mbhL	0	0	0	0	0	1	0	0	0	0	0	0	0	0	0	0	0	0	0	0	0	0	0	0	0	0	0	1	0	0	0
mch	0	0	0	0	2	0	1	2	0	1	0	1	0	0	0	0	0	0	0	0	2	0	0	0	1	0	0	0	1	0	0
mcl	2	1	3	1	0	0	0	2	1	0	0	0	1	2	1	1	0	0	0	1	0	1	2	0	0	1	1	1	0	1	0
mcrA	0	0	0	0	0	0	0	0	0	1	0	1	0	0	0	0	0	0	0	0	0	0	0	0	0	0	0	0	0	0	0
mcrB	0	0	0	0	0	0	0	0	0	1	0	1	0	0	0	0	0	0	0	0	0	0	0	0	0	0	0	0	0	0	0
mcrC	0	0	0	0	0	0	0	0	0	1	0	1	0	0	0	0	0	0	0	0	0	0	0	0	0	0	0	0	0	0	0
mcrD	0	0	0	0	0	0	0	0	0	1	0	1	0	0	0	0	0	0	0	0	0	0	0	0	0	0	0	0	0	0	0
mcrG	0	0	0	0	0	0	0	0	0	1	0	1	0	0	0	0	0	0	0	0	0	0	0	0	0	0	0	0	0	0	0
mdh	1	0	0	1	0	0	0	2	1	0	0	1	0	1	0	0	1	0	0	1	0	1	0	0	0	1	0	0	0	1	0
mdh-K00024	3	2	4	3	2	2	2	1	1	0	1	2	3	2	2	1	1	1	0	1	2	1	3	0	1	2	3	1	2	2	2
mer	2	0	1	2	0	0	4	0	1	1	0	1	1	2	1	0	1	1	0	1	1	1	4	0	0	2	7	0	4	2	1
metF	0	0	0	0	2	1	2	0	0	0	0	0	0	0	0	0	0	0	1	0	0	0	1	0	0	0	2	1	0	0	0
mgsA	0	0	0	0	0	0	1	0	0	0	0	1	0	0	0	0	0	0	0	1	0	0	0	0	1	0	0	0	0	0	0
mgsB	0	0	0	0	0	0	0	0	0	0	0	1	0	0	0	0	0	0	0	0	0	0	0	0	0	0	0	0	0	0	0
mgsC	0	0	0	0	1	0	0	0	0	0	0	1	0	0	0	0	0	0	2	1	1	0	1	0	0	0	1	0	0	0	0
mmoC	0	0	0	0	0	2	0	0	0	0	0	0	0	0	0	0	0	1	1	0	0	1	1	0	0	0	1	1	0	0	0
mtaA	0	0	0	0	0	0	0	0	0	0	0	0	0	0	0	0	0	1	0	0	1	0	0	0	0	0	0	0	0	0	11
mtaB	0	0	0	0	0	0	0	0	0	0	0	0	0	0	0	0	0	0	0	0	0	0	0	0	0	0	0	0	0	0	3
mtaC	0	0	0	0	0	0	0	0	0	0	0	0	0	0	0	0	0	0	0	0	0	0	0	0	0	0	0	0	0	0	2
mtbA	0	0	0	0	0	0	1	0	0	0	0	0	0	0	0	0	0	0	0	0	0	0	0	0	0	0	0	0	0	0	1
mtbB	0	0	0	0	0	0	0	0	0	0	0	0	0	0	0	0	0	0	0	0	0	0	0	0	0	0	0	0	0	0	7
mtbC	0	1	0	0	1	0	1	1	2	0	0	1	0	0	0	0	0	1	0	0	2	0	0	0	0	0	1	0	1	0	11
mtd	0	0	0	0	0	0	1	1	0	1	0	1	0	0	0	0	0	0	1	0	0	0	0	0	0	0	0	0	1	0	0
mtdA	0	0	0	0	0	0	0	0	0	0	0	0	0	0	0	0	0	0	0	0	0	0	0	0	1	0	0	0	0	0	0
mtdB	0	0	0	0	0	0	0	0	1	0	0	0	0	0	0	0	0	0	2	0	0	0	0	0	0	0	0	0	0	0	0
mtkA	2	1	2	1	0	2	0	1	0	2	0	1	1	1	1	2	0	0	1	1	0	1	2	0	0	0	1	8	1	1	0
mtkB	1	1	1	1	0	0	0	2	2	1	1	0	1	1	0	3	1	0	2	0	0	0	3	0	0	1	3	1	0	1	0
mtmB	0	0	0	0	0	0	0	0	0	0	0	0	0	0	0	0	0	0	0	0	0	0	0	0	0	0	0	0	0	0	3
mtmC	0	0	0	0	0	0	0	0	0	0	0	0	0	0	0	0	0	0	0	0	0	0	0	0	0	0	0	0	0	0	1
mtrA	1	1	0	0	1	0	0	0	1	3	0	1	1	1	1	0	1	1	0	1	0	0	0	0	0	0	0	0	1	0	2
mtrB	0	0	0	0	0	0	0	0	0	1	0	1	0	0	0	0	0	0	0	0	0	0	0	0	0	0	0	0	0	0	0
mtrC	0	0	0	0	0	0	0	0	0	1	0	1	0	0	0	0	0	0	0	0	0	0	0	0	0	0	0	0	0	0	0
mtrD	0	0	0	0	0	0	0	0	0	1	0	1	0	0	0	0	0	0	0	0	0	0	0	0	0	0	0	0	0	0	0
mtrE	0	0	0	0	0	0	0	0	0	1	0	1	0	0	0	0	0	0	0	0	0	0	0	0	0	0	0	0	0	0	0
mtrF	0	0	0	0	0	0	0	0	0	1	0	1	0	0	0	0	0	0	0	0	0	0	0	0	0	0	0	0	0	0	0
mtrG	0	0	0	0	0	0	0	0	0	1	0	1	0	0	0	0	0	0	0	0	0	0	0	0	0	0	0	0	0	0	0
mtrH	0	0	0	0	1	0	1	0	0	2	0	2	0	0	0	0	0	0	0	0	1	0	0	0	0	0	0	0	1	0	2
mttB	0	0	0	0	0	0	0	4	0	0	0	0	0	0	0	0	0	2	0	0	0	0	0	0	0	0	1	0	1	0	3
mttC	0	0	0	0	0	0	0	1	1	0	0	0	0	0	0	0	0	0	0	0	0	0	0	0	0	0	0	0	2	0	1
mvhA	0	0	0	0	1	2	2	3	1	0	0	1	0	0	0	2	0	3	0	0	0	0	0	0	0	0	0	0	1	0	1
mvhD	0	0	0	0	1	2	2	5	0	0	0	1	0	0	0	11	0	0	0	0	2	0	0	0	0	0	0	3	0	0	0
mvhG	0	0	0	0	1	1	1	2	0	0	0	1	0	0	0	2	0	0	1	0	0	0	0	0	0	0	0	2	0	0	0
mxaD	0	0	0	0	0	0	0	0	0	0	0	0	1	0	1	0	0	0	0	0	0	0	0	0	0	0	0	0	0	0	0
mxaF	0	0	0	0	0	1	0	0	0	0	0	0	0	0	0	0	0	0	0	0	0	0	0	0	0	0	0	0	0	0	1
napH	0	0	0	0	0	0	0	0	0	0	0	0	0	0	0	1	0	0	0	0	0	0	0	0	0	0	1	0	0	0	0
narB	0	0	0	0	1	0	1	0	2	2	0	1	0	0	0	3	0	0	0	0	1	0	2	0	0	1	0	1	2	0	1
narH	0	0	0	0	0	0	0	0	0	0	0	1	0	0	0	0	0	0	0	0	0	0	0	0	0	0	0	0	0	0	1
nirK	3	1	2	5	1	4	0	0	0	0	1	0	4	4	2	2	4	0	0	2	0	3	1	0	0	3	2	0	0	2	0
nirS	0	0	0	0	0	0	0	0	1	0	0	0	0	0	0	0	0	0	0	0	0	0	0	0	0	0	0	0	0	0	0
pfkA	0	0	0	0	0	0	0	0	1	0	0	0	0	0	0	0	0	0	0	0	1	0	2	0	0	0	0	2	0	1	0
pfkB	0	0	0	0	1	1	2	1	0	1	0	2	0	0	0	3	0	0	2	0	1	0	1	1	0	0	1	0	1	0	0
pfkC	0	0	0	0	0	0	0	0	0	1	0	0	0	0	0	0	0	0	0	0	0	0	0	0	0	0	0	0	0	0	2
pfp	0	1	0	0	1	2	1	2	0	1	0	0	0	0	0	2	0	0	1	0	1	0	1	0	1	0	1	2	0	0	2
pmoC	1	0	0	0	0	0	0	0	0	0	0	0	0	1	0	0	1	0	0	0	0	1	0	0	0	0	0	0	0	1	0
porA	1	0	0	1	2	1	5	1	1	2	1	3	1	1	1	5	1	4	0	0	1	2	6	0	1	1	5	4	8	1	2
porB	0	0	0	1	1	1	7	1	1	1	0	1	1	0	0	4	0	3	0	0	1	1	4	0	1	0	4	2	5	0	1
porD	0	0	0	0	0	1	5	0	1	1	0	1	0	0	0	2	0	3	0	0	1	0	2	0	1	0	1	4	5	0	1
porG	0	0	0	0	0	2	4	2	1	3	0	2	0	0	0	3	0	2	0	0	1	0	3	0	0	0	1	2	3	0	2
ppc	0	0	0	0	0	0	0	0	0	0	0	0	0	0	0	0	0	0	0	0	0	0	1	0	0	0	1	0	0	0	0
pps	1	1	1	1	2	2	3	5	0	1	0	2	2	1	0	4	1	3	3	0	2	0	2	2	1	1	1	1	4	1	2
pqqB	0	0	0	0	0	0	1	0	0	1	0	0	0	0	0	1	0	0	0	0	0	0	1	0	0	0	1	0	1	0	1
pqqC	1	0	0	1	0	0	0	0	0	0	0	0	0	0	0	0	1	0	0	1	0	1	0	0	0	1	0	0	0	1	0
pqqE	0	0	1	1	6	3	1	6	0	7	0	2	1	0	1	3	0	3	1	1	6	0	1	1	1	1	0	5	3	1	3
pqqF	0	0	0	0	0	0	1	0	0	0	0	0	0	0	0	0	0	0	0	0	0	0	0	0	0	0	0	0	1	0	0
pta	0	0	0	1	1	1	0	0	0	1	0	0	0	1	0	1	0	0	0	1	1	1	2	0	0	0	1	1	0	0	3
rnfA	0	0	0	0	0	0	0	0	0	0	0	0	0	0	0	0	0	0	0	0	0	0	0	0	0	0	0	1	0	0	0
rnfB	0	0	0	1	3	6	1	8	0	2	1	2	3	1	1	2	1	2	0	1	2	1	2	0	1	1	0	10	4	1	4
rnfC	0	0	0	0	0	0	0	1	0	0	0	0	0	0	0	1	0	0	0	0	0	0	0	0	1	0	0	2	0	0	1
rnfE	0	0	0	0	0	0	1	0	0	1	0	0	0	0	0	1	0	1	0	0	0	0	2	0	1	0	1	1	1	0	1
serA	2	3	1	3	1	3	6	1	1	3	4	1	3	3	3	4	4	3	1	1	2	1	6	1	1	2	6	2	10	4	3
serB	0	0	1	1	1	1	0	1	0	1	1	1	0	0	0	2	1	1	0	2	3	0	4	0	1	0	2	1	0	1	1
serC	0	0	0	0	1	1	1	1	0	1	0	1	0	0	0	0	0	0	0	0	1	0	0	0	1	0	1	1	1	0	0
tmm	0	0	0	0	0	0	0	0	0	0	0	0	0	0	0	0	0	0	0	0	0	0	1	0	0	0	1	0	0	0	0
torA	0	0	0	0	0	0	1	0	0	0	0	0	0	0	0	0	0	0	0	0	0	0	0	0	0	0	0	0	3	0	0
torD	0	0	0	0	0	0	0	0	0	0	0	0	0	0	0	1	0	0	0	0	0	0	0	0	0	0	0	0	0	0	0
torZ	0	0	0	0	0	0	0	0	0	0	0	0	0	0	0	0	0	0	0	0	0	0	0	0	0	0	0	0	1	0	0
vhcA	0	0	0	0	0	2	2	0	0	0	0	0	0	0	0	0	0	0	1	0	0	0	0	0	0	0	0	1	1	0	1
vhcG	0	0	0	0	0	1	1	0	0	0	0	0	0	0	0	0	0	1	0	0	0	0	0	0	0	0	0	0	0	0	0
vhtG	0	0	0	0	0	0	0	0	1	0	0	0	0	0	0	0	0	0	0	0	0	0	0	0	1	0	0	0	0	0	2
vhuA	0	0	0	0	0	0	0	0	0	0	0	0	0	0	0	0	0	0	0	0	0	0	0	0	0	0	0	0	1	0	0
vhuD	0	0	0	0	0	0	0	0	0	0	0	0	0	0	0	0	0	0	0	0	0	0	0	0	0	0	0	0	1	0	0
vhuG	0	0	0	0	0	0	1	0	0	0	0	0	0	0	0	0	0	1	0	0	0	0	0	0	0	0	0	0	2	0	0
xoxF5	0	0	0	0	0	0	0	0	0	0	0	0	0	0	0	0	0	0	0	0	0	0	0	0	0	0	0	1	0	0	0